0.0 2.0 3.0 0.0 0.0 0.3333333333333333 8.0 64.0 0.0 0.0 0.0 4.0 
0.0 3.0 3.0 0.027777777777777776 0.0 0.3333333333333333 13.0 53.0 0.0 0.0 1.0 4.0 
0.0 4.0 2.0 0.10909090909090909 0.0 0.2 11.0 59.0 0.0 0.0 1.0 11.0 
0.0 4.0 1.0 0.07509881422924901 0.7142857142857143 0.1111111111111111 42.0 151.0 0.0 0.0 7.0 25.0 
0.0 4.0 3.0 0.0 0.0 0.25 13.0 76.0 0.0 0.0 0.0 6.0 
0.0 3.0 2.0 0.0 0.0 0.2 7.0 40.0 0.0 0.0 1.0 6.0 
0.0 2.0 2.0 0.3333333333333333 0.6666666666666666 0.3333333333333333 6.0 34.0 0.0 0.0 2.0 4.0 
0.0 0.0 2.0 0.05714285714285714 0.696969696969697 0.0763888888888889 33.0 126.0 0.0 2.0 3.0 19.0 
0.0 3.0 2.0 0.0 0.0 0.25 8.0 27.0 0.0 0.0 0.0 8.0 
0.0 2.0 2.0 0.0 0.0 0.3333333333333333 6.0 35.0 0.0 0.0 0.0 4.0 
0.0 1.0 3.0 0.0 0.0 0.6666666666666666 3.0 25.0 0.0 0.0 0.0 2.0 
0.0 0.0 3.0 0.0 0.0 0.0 4.0 24.0 0.0 0.0 0.0 1.0 
0.0 0.0 2.0 0.0 0.0 1.0 3.0 15.0 0.0 0.0 0.0 2.0 
0.0 2.0 2.0 0.0 0.5 0.6666666666666666 9.0 65.0 0.0 0.0 2.0 3.0 
0.0 6.0 1.0 0.26666666666666666 0.625 0.125 15.0 66.0 0.0 0.0 3.0 12.0 
0.0 0.0 4.0 0.0 0.0 0.0 0.0 4.0 0.0 0.0 0.0 0.0 
0.0 0.0 4.0 0.0 0.0 0.0 1.0 7.0 0.0 0.0 0.0 1.0 
0.0 0.0 2.0 0.0 0.0 0.0 2.0 12.0 0.0 0.0 1.0 2.0 
0.0 0.0 3.0 0.3333333333333333 0.0 0.0 7.0 31.0 0.0 0.0 1.0 3.0 
0.0 4.0 1.0 0.05128205128205128 0.0 0.24 23.0 100.0 0.0 0.0 1.0 11.0 
0.0 6.0 1.0 0.26666666666666666 0.625 0.125 15.0 66.0 0.0 0.0 3.0 12.0 
0.0 2.0 2.0 0.0 0.0 0.5 5.0 22.0 0.0 0.0 1.0 4.0 
