1.0 0.0 3.0 0.06666666666666667 0.5 0.2857142857142857 40.0 168.0 0.0 0.0 4.0 9.0 
2.0 3.0 2.0 0.03636363636363636 0.5 0.5 28.0 154.0 0.0 0.0 3.0 7.0 
5.0 3.0 3.0 0.0 0.0 0.5 13.0 70.0 4.0 0.0 4.0 3.0 
3.0 0.0 3.0 0.19230769230769232 0.7272727272727273 0.19230769230769232 26.0 152.0 0.0 10.0 5.0 15.0 
7.0 4.0 3.0 0.3216374269005848 0.0 0.14473684210526316 53.0 272.0 6.0 0.0 6.0 22.0 
6.0 1.0 3.0 0.0 0.5 0.0 20.0 96.0 2.0 0.0 2.0 8.0 
3.0 1.0 3.0 0.1 0.6666666666666666 0.2 11.0 66.0 0.0 0.0 3.0 6.0 
5.0 2.0 3.0 0.2 0.5 0.25 18.0 100.0 4.0 0.0 4.0 6.0 
15.0 3.0 1.0 0.1388888888888889 0.7333333333333333 0.26666666666666666 39.0 337.0 0.0 0.0 15.0 8.0 
1.0 14.0 3.0 0.0 0.0 0.0 47.0 210.0 0.0 3.0 1.0 3.0 
11.0 2.0 2.0 0.0 0.0 0.0 77.0 261.0 0.0 0.0 1.0 4.0 
0.0 2.0 2.0 1.0 0.75 0.5 16.0 69.0 0.0 0.0 9.0 5.0 
1.0 5.0 2.0 0.35714285714285715 0.0 0.1375 24.0 83.0 0.0 1.0 1.0 11.0 
0.0 1.0 1.0 1.0 0.0 0.2222222222222222 16.0 58.0 1.0 0.0 1.0 11.0 
22.0 4.0 1.0 0.0 0.5 0.5 11.0 80.0 0.0 0.0 3.0 3.0 
0.0 1.0 1.0 0.0 0.0 0.0 2.0 14.0 0.0 1.0 1.0 2.0 
0.0 2.0 2.0 0.5 0.33333333333333326 0.5 11.0 39.0 0.0 0.0 3.0 5.0 
25.0 9.0 1.0 0.3333333333333333 0.641025641025641 0.3888888888888889 18.0 145.0 0.0 0.0 13.0 4.0 
25.0 9.0 1.0 0.3333333333333333 0.641025641025641 0.3888888888888889 18.0 145.0 0.0 0.0 13.0 4.0 
3.0 3.0 1.0 0.2857142857142857 0.1625 0.20833333333333334 25.0 210.0 16.0 0.0 16.0 14.0 
17.0 3.0 7.0 0.37777777777777777 0.6428571428571429 0.18 168.0 493.0 0.0 0.0 6.0 11.0 
0.0 2.0 2.0 0.0 0.0 0.23333333333333334 12.0 65.0 0.0 0.0 0.0 8.0 
