0.0 1.0 3.0 0.08831908831908832 0.5714285714285714 0.25384615384615383 116.0 732.0 1.0 0.0 2.0 26.0 
0.0 1.0 2.0 0.2857142857142857 0.0 0.16666666666666666 19.0 79.0 0.0 0.0 1.0 7.0 
0.0 3.0 1.0 0.05128205128205128 0.5 0.16666666666666666 35.0 144.0 0.0 0.0 2.0 9.0 
0.0 3.0 2.0 0.11231884057971014 0.5 0.16666666666666666 112.0 468.0 0.0 0.0 2.0 9.0 
2.0 2.0 2.0 0.22058823529411764 0.3 0.21428571428571427 68.0 282.0 0.0 0.0 2.0 8.0 
0.0 3.0 1.0 0.3723076923076923 0.8 0.1111111111111111 100.0 357.0 0.0 0.0 5.0 22.0 
0.0 1.0 3.0 0.047619047619047616 0.0 0.3333333333333333 18.0 65.0 0.0 0.0 0.0 4.0 
6.0 1.0 2.0 0.0761904761904762 0.5 0.08571428571428572 61.0 265.0 0.0 0.0 3.0 14.0 
10.0 7.0 3.0 0.07457627118644068 0.8729096989966555 0.05238095238095238 164.0 769.0 0.0 0.0 26.0 35.0 
0.0 3.0 3.0 0.020168067226890758 0.6666666666666666 0.13398692810457516 120.0 784.0 0.0 0.0 3.0 34.0 
1.0 4.0 2.0 0.0 0.0 0.5 48.0 209.0 0.0 0.0 0.0 5.0 
9.0 1.0 2.0 0.09788359788359788 0.9206349206349206 0.05925925925925926 62.0 365.0 0.0 0.0 12.0 27.0 
0.0 6.0 1.0 0.6021357742181541 0.9288946347769877 0.04201680672268908 225.0 839.0 0.0 0.0 17.0 105.0 
0.0 3.0 3.0 0.08522727272727272 0.0 0.1889400921658986 149.0 1063.0 0.0 0.0 1.0 31.0 
17.0 1.0 2.0 0.0748663101604278 0.9359999999999999 0.04040404040404041 105.0 539.0 0.0 0.0 15.0 33.0 
0.0 1.0 1.0 0.02857142857142857 0.84375 0.09615384615384616 57.0 310.0 0.0 0.0 4.0 13.0 
0.0 2.0 3.0 0.038461538461538464 0.0 0.25 42.0 203.0 0.0 0.0 1.0 6.0 
0.0 0.0 3.0 0.0 0.0 0.25 28.0 123.0 0.0 0.0 0.0 4.0 
8.0 3.0 2.0 0.1111111111111111 0.75 0.18518518518518517 32.0 716.0 1.0 0.0 7.0 9.0 
0.0 3.0 1.0 0.09523809523809523 0.7916666666666667 0.21428571428571427 105.0 292.0 3.0 0.0 6.0 14.0 
5.0 1.0 2.0 0.32727272727272727 0.7638888888888888 0.3 39.0 163.0 0.0 0.0 8.0 11.0 
2.0 3.0 2.0 0.05128205128205128 0.6 0.15384615384615385 43.0 236.0 0.0 0.0 2.0 14.0 
3.0 2.0 2.0 0.0 0.0 0.5 23.0 126.0 0.0 0.0 0.0 6.0 
17.0 3.0 2.0 0.07692307692307693 0.0 0.16666666666666666 29.0 202.0 0.0 0.0 1.0 12.0 
2.0 2.0 3.0 0.01 0.625 0.12222222222222222 60.0 309.0 0.0 0.0 2.0 19.0 
1.0 2.0 3.0 0.0 0.0 0.3333333333333333 7.0 57.0 0.0 0.0 2.0 3.0 
0.0 3.0 2.0 0.038461538461538464 0.8 0.11428571428571428 34.0 203.0 0.0 0.0 4.0 11.0 
0.0 2.0 2.0 0.0 0.0 0.25 16.0 73.0 0.0 1.0 1.0 9.0 
10.0 2.0 3.0 0.03296703296703297 0.7777777777777777 0.08571428571428572 31.0 182.0 2.0 0.0 3.0 15.0 
7.0 2.0 3.0 0.05194805194805195 0.8977272727272727 0.07272727272727272 41.0 214.0 0.0 0.0 8.0 23.0 
8.0 2.0 3.0 0.0 0.0 0.1 44.0 197.0 0.0 0.0 0.0 15.0 
11.0 3.0 4.0 0.10833333333333334 0.8095238095238094 0.0875 29.0 171.0 3.0 0.0 6.0 17.0 
1.0 5.0 4.0 0.047619047619047616 0.7333333333333333 0.10476190476190476 29.0 146.0 0.0 0.0 3.0 15.0 
0.0 0.0 1.0 0.10714285714285714 0.7999999999999999 0.125 15.0 67.0 0.0 0.0 5.0 12.0 
1.0 3.0 2.0 0.05454545454545454 0.0 0.24074074074074073 20.0 101.0 0.0 0.0 1.0 9.0 
1.0 0.0 1.0 0.17647058823529413 0.6190476190476192 0.12222222222222222 45.0 274.0 0.0 0.0 3.0 15.0 
0.0 0.0 2.0 0.10909090909090909 0.6666666666666666 0.0 25.0 101.0 0.0 0.0 4.0 11.0 
3.0 9.0 2.0 0.1614678899082569 0.9390243902439024 0.04534313725490196 657.0 2761.0 0.0 0.0 45.0 104.0 
1.0 3.0 1.0 0.06493506493506493 0.8 0.10714285714285714 68.0 338.0 0.0 10.0 5.0 16.0 
0.0 2.0 2.0 0.12333333333333334 0.6666666666666666 0.08 62.0 256.0 0.0 0.0 4.0 26.0 
0.0 1.0 1.0 0.05555555555555555 0.5 0.15625 15.0 104.0 0.0 4.0 2.0 8.0 
0.0 2.0 2.0 0.032679738562091505 0.8888888888888888 0.12222222222222222 18.0 65.0 0.0 10.0 5.0 18.0 
0.0 2.0 2.0 0.0033333333333333335 0.0 0.21875 71.0 278.0 0.0 0.0 0.0 8.0 
0.0 2.0 2.0 0.07352941176470588 0.0 0.10714285714285714 53.0 235.0 0.0 0.0 1.0 14.0 
0.0 1.0 1.0 0.01098901098901099 0.0 0.5 62.0 550.0 0.0 0.0 0.0 4.0 
0.0 1.0 1.0 0.3333333333333333 0.0 0.5 13.0 70.0 0.0 0.0 0.0 4.0 
0.0 0.0 1.0 0.5238095238095238 0.6190476190476191 0.5714285714285714 23.0 112.0 0.0 0.0 7.0 9.0 
7.0 4.0 1.0 0.4444444444444444 0.8315217391304348 0.225 67.0 370.0 4.0 0.0 23.0 12.0 
7.0 4.0 2.0 0.24175824175824176 0.8157894736842106 0.21428571428571427 78.0 411.0 0.0 0.0 19.0 15.0 
0.0 2.0 2.0 0.2 0.22222222222222218 0.16666666666666666 34.0 124.0 0.0 0.0 3.0 8.0 
0.0 7.0 2.0 0.3382352941176471 0.7222222222222223 0.13725490196078433 57.0 279.0 0.0 0.0 9.0 18.0 
6.0 3.0 1.0 0.13186813186813187 0.6875 0.21428571428571427 48.0 255.0 0.0 0.0 8.0 10.0 
0.0 1.0 3.0 0.09047619047619047 0.0 0.5 126.0 703.0 0.0 0.0 0.0 3.0 
1.0 2.0 2.0 0.0 0.0 0.5 57.0 248.0 0.0 0.0 1.0 4.0 
0.0 3.0 3.0 0.2222222222222222 0.7407407407407408 0.2222222222222222 37.0 202.0 1.0 0.0 9.0 9.0 
0.0 2.0 2.0 0.0 0.0 0.3333333333333333 19.0 125.0 0.0 0.0 0.0 4.0 
0.0 4.0 3.0 0.03571428571428571 0.888888888888889 0.25 15.0 85.0 0.0 3.0 3.0 8.0 
1.0 6.0 3.0 0.35960591133004927 0.6666666666666666 0.13227513227513227 89.0 440.0 0.0 0.0 8.0 28.0 
0.0 2.0 3.0 0.05128205128205128 0.9 0.23076923076923078 19.0 99.0 0.0 9.0 5.0 13.0 
0.0 3.0 3.0 0.06666666666666667 0.875 0.125 19.0 76.0 0.0 7.0 4.0 10.0 
0.0 3.0 2.0 0.0 0.0 0.38095238095238093 30.0 143.0 0.0 0.0 0.0 8.0 
0.0 4.0 2.0 0.6827880512091038 0.3620689655172414 0.16842105263157894 93.0 470.0 0.0 0.0 4.0 44.0 
0.0 1.0 2.0 0.0 0.11111111111111116 0.0 11.0 102.0 0.0 0.0 9.0 6.0 
4.0 1.0 2.0 0.06666666666666667 0.25 0.16666666666666666 18.0 165.0 0.0 0.0 16.0 7.0 
4.0 1.0 1.0 0.1111111111111111 0.8920454545454546 0.14035087719298245 112.0 520.0 0.0 0.0 22.0 23.0 
5.0 1.0 2.0 0.2545454545454545 0.6190476190476192 0.18181818181818182 18.0 134.0 0.0 0.0 9.0 12.0 
0.0 2.0 2.0 0.2924731182795699 0.0 0.12857142857142856 62.0 281.0 0.0 0.0 1.0 31.0 
2.0 0.0 4.0 0.007836990595611285 0.0 0.0 353.0 1464.0 0.0 0.0 0.0 3.0 
0.0 2.0 1.0 0.007905138339920948 0.8541666666666667 0.1111111111111111 110.0 433.0 0.0 0.0 6.0 12.0 
0.0 1.0 2.0 0.0 0.0 0.0 15.0 48.0 0.0 0.0 1.0 2.0 
0.0 3.0 2.0 0.45454545454545453 0.0 0.08571428571428572 61.0 225.0 0.0 0.0 1.0 25.0 
1.0 2.0 2.0 0.03571428571428571 0.4444444444444444 0.35 46.0 256.0 9.0 0.0 9.0 8.0 
0.0 7.0 2.0 0.05 0.9529914529914529 0.08214285714285714 99.0 503.0 0.0 0.0 26.0 40.0 
2.0 2.0 2.0 0.0 1.0 0.2 51.0 217.0 0.0 0.0 9.0 6.0 
0.0 0.0 2.0 0.027777777777777776 0.0 0.2857142857142857 27.0 191.0 0.0 0.0 0.0 7.0 
18.0 4.0 2.0 0.15270935960591134 0.9051383399209487 0.08333333333333333 148.0 675.0 0.0 0.0 11.0 28.0 
0.0 5.0 2.0 0.10606060606060606 0.0 0.0 75.0 365.0 0.0 0.0 0.0 4.0 
0.0 0.0 2.0 0.015151515151515152 0.0 0.09090909090909091 20.0 131.0 0.0 0.0 1.0 11.0 
0.0 2.0 1.0 0.25 0.725 0.1111111111111111 22.0 101.0 0.0 0.0 5.0 12.0 
0.0 1.0 2.0 0.14285714285714285 0.16666666666666666 0.14285714285714285 21.0 82.0 0.0 0.0 2.0 9.0 
0.0 0.0 4.0 0.047619047619047616 0.0 0.17857142857142858 11.0 73.0 0.0 0.0 1.0 8.0 
0.0 3.0 2.0 0.0 0.0 0.0 39.0 189.0 0.0 0.0 0.0 4.0 
0.0 0.0 3.0 0.027777777777777776 0.0 0.0 13.0 124.0 0.0 0.0 0.0 2.0 
0.0 0.0 3.0 0.0 0.0 0.0 20.0 128.0 0.0 0.0 0.0 3.0 
0.0 1.0 2.0 0.36363636363636365 0.6666666666666666 0.08333333333333333 149.0 688.0 0.0 2.0 9.0 13.0 
0.0 1.0 3.0 0.5714285714285714 0.5714285714285714 0.0 103.0 397.0 0.0 3.0 5.0 9.0 
0.0 1.0 2.0 0.03571428571428571 0.0 0.16666666666666666 25.0 109.0 0.0 0.0 1.0 8.0 
0.0 1.0 2.0 0.13333333333333333 0.3333333333333333 0.16666666666666666 20.0 107.0 0.0 1.0 3.0 7.0 
0.0 1.0 2.0 0.2777777777777778 0.25 0.1111111111111111 45.0 172.0 0.0 0.0 4.0 10.0 
0.0 1.0 2.0 0.3090909090909091 0.4571428571428572 0.09090909090909091 47.0 192.0 0.0 0.0 5.0 12.0 
0.0 4.0 3.0 0.025 0.9 0.1 29.0 156.0 8.0 0.0 10.0 13.0 
15.0 2.0 2.0 0.0 0.8 0.1590909090909091 22.0 119.0 0.0 0.0 5.0 12.0 
2.0 3.0 2.0 0.18095238095238095 0.7976190476190476 0.1 56.0 231.0 0.0 0.0 6.0 16.0 
0.0 3.0 1.0 0.2 0.7181818181818181 0.25 54.0 278.0 0.0 0.0 11.0 17.0 
0.0 1.0 2.0 0.23809523809523808 0.25 0.14285714285714285 23.0 110.0 0.0 0.0 2.0 8.0 
2.0 4.0 1.0 0.08333333333333333 0.72 0.23809523809523808 31.0 157.0 0.0 0.0 5.0 9.0 
0.0 4.0 1.0 0.025 0.5833333333333334 0.25 56.0 363.0 0.0 0.0 4.0 5.0 
4.0 1.0 2.0 0.07272727272727272 0.8800000000000001 0.25 19.0 97.0 0.0 3.0 5.0 10.0 
0.0 4.0 1.0 0.1225296442687747 0.8611111111111112 0.06818181818181818 59.0 245.0 7.0 9.0 14.0 22.0 
0.0 2.0 1.0 0.05228758169934641 0.9444444444444444 0.07407407407407407 20.0 112.0 0.0 10.0 9.0 18.0 
3.0 3.0 3.0 0.0915032679738562 0.8461538461538461 0.10588235294117647 42.0 231.0 0.0 9.0 6.0 17.0 
0.0 0.0 2.0 0.0 0.0 0.0 5.0 59.0 0.0 1.0 1.0 3.0 
0.0 1.0 2.0 0.16666666666666666 0.75 0.25 6.0 49.0 0.0 3.0 2.0 4.0 
0.0 2.0 2.0 0.13333333333333333 0.8333333333333333 0.16666666666666666 7.0 43.0 0.0 5.0 3.0 6.0 
0.0 1.0 2.0 0.13333333333333333 0.75 0.16666666666666666 8.0 52.0 0.0 5.0 3.0 6.0 
0.0 1.0 2.0 0.08888888888888889 0.9 0.2 14.0 76.0 0.0 9.0 5.0 10.0 
0.0 1.0 2.0 0.10714285714285714 0.7916666666666666 0.375 10.0 64.0 0.0 7.0 4.0 8.0 
0.0 2.0 3.0 0.0 1.0 0.0 5.0 33.0 0.0 2.0 2.0 3.0 
0.0 5.0 2.0 0.05 0.9423076923076923 0.09375 18.0 88.0 0.0 14.0 8.0 16.0 
0.0 2.0 2.0 0.1 0.75 0.2 7.0 61.0 0.0 3.0 2.0 5.0 
0.0 2.0 2.0 0.08888888888888889 0.9 0.2 12.0 63.0 0.0 9.0 5.0 10.0 
0.0 1.0 2.0 0.08333333333333333 0.7916666666666666 0.3333333333333333 11.0 67.0 0.0 7.0 4.0 9.0 
1.0 3.0 2.0 0.06666666666666667 0.9142857142857144 0.1 14.0 78.0 0.0 8.0 5.0 10.0 
0.0 6.0 3.0 0.07575757575757576 0.9350649350649352 0.08333333333333333 14.0 72.0 0.0 8.0 7.0 12.0 
0.0 2.0 3.0 0.06666666666666667 0.9142857142857144 0.1 13.0 76.0 0.0 8.0 5.0 10.0 
0.0 2.0 3.0 0.0 1.0 0.0 6.0 41.0 0.0 2.0 2.0 3.0 
3.0 5.0 2.0 0.12631578947368421 0.7708333333333334 0.06140350877192982 39.0 200.0 0.0 6.0 4.0 19.0 
0.0 2.0 2.0 0.04411764705882353 0.9090909090909091 0.09411764705882353 25.0 130.0 0.0 12.0 6.0 17.0 
0.0 1.0 3.0 0.06666666666666667 0.6666666666666667 0.13333333333333333 12.0 75.0 0.0 6.0 3.0 10.0 
0.0 3.0 3.0 0.0380952380952381 0.8571428571428571 0.06666666666666667 15.0 81.0 0.0 8.0 4.0 15.0 
0.0 1.0 2.0 0.05454545454545454 0.8 0.15151515151515152 19.0 101.0 0.0 2.0 3.0 11.0 
0.0 2.0 2.0 0.08333333333333333 0.8 0.1111111111111111 9.0 54.0 0.0 6.0 3.0 9.0 
0.0 2.0 3.0 0.0641025641025641 0.8888888888888888 0.11538461538461539 16.0 92.0 0.0 10.0 5.0 13.0 
0.0 2.0 2.0 0.1111111111111111 0.5333333333333333 0.25 19.0 621.0 0.0 0.0 3.0 9.0 
0.0 1.0 3.0 0.08888888888888889 0.6 0.2222222222222222 24.0 111.0 0.0 0.0 2.0 10.0 
0.0 1.0 3.0 0.08888888888888889 0.6 0.2222222222222222 21.0 98.0 0.0 0.0 2.0 10.0 
0.0 2.0 2.0 0.0989010989010989 0.5714285714285714 0.11538461538461539 29.0 148.0 0.0 0.0 2.0 14.0 
4.0 4.0 2.0 0.1111111111111111 0.6571428571428571 0.1875 31.0 157.0 0.0 0.0 7.0 9.0 
0.0 3.0 1.0 0.267425320056899 0.930672268907563 0.0625 77.0 367.0 9.0 0.0 17.0 40.0 
0.0 1.0 1.0 0.14166666666666666 0.7638888888888888 0.15 41.0 170.0 3.0 0.0 6.0 20.0 
0.0 0.0 2.0 0.0 0.0 0.5 15.0 97.0 0.0 0.0 0.0 6.0 
2.0 1.0 1.0 0.26666666666666666 0.3999999999999999 0.5 46.0 217.0 5.0 0.0 5.0 4.0 
3.0 6.0 3.0 0.1168091168091168 0.0 0.0 120.0 570.0 0.0 0.0 0.0 1.0 
0.0 3.0 2.0 0.08333333333333333 0.7916666666666666 0.171875 21.0 108.0 0.0 0.0 4.0 9.0 
3.0 2.0 2.0 0.08496732026143791 0.6666666666666666 0.08823529411764706 29.0 164.0 0.0 0.0 5.0 17.0 
0.0 0.0 5.0 0.4888888888888889 0.7000000000000001 0.14285714285714285 12.0 101.0 0.0 0.0 5.0 8.0 
0.0 3.0 2.0 0.16666666666666666 0.42857142857142855 0.06666666666666667 28.0 138.0 0.0 0.0 2.0 15.0 
0.0 1.0 2.0 0.0 0.0 0.0 2.0 13.0 0.0 0.0 0.0 2.0 
15.0 9.0 2.0 0.09116809116809117 0.8692307692307693 0.038461538461538464 57.0 354.0 0.0 0.0 10.0 26.0 
0.0 1.0 2.0 0.0 0.0 0.4 13.0 56.0 0.0 0.0 2.0 6.0 
0.0 2.0 2.0 0.25 0.65 0.14814814814814814 41.0 174.0 0.0 0.0 4.0 9.0 
0.0 0.0 1.0 0.3333333333333333 0.6666666666666666 0.5 4.0 27.0 0.0 4.0 2.0 4.0 
0.0 2.0 1.0 0.2 0.8333333333333333 0.2 6.0 41.0 0.0 5.0 3.0 5.0 
3.0 3.0 2.0 0.14035087719298245 0.5 0.08333333333333333 45.0 227.0 0.0 0.0 3.0 18.0 
0.0 5.0 2.0 0.11052631578947368 0.7 0.075 34.0 205.0 0.0 0.0 5.0 20.0 
0.0 2.0 1.0 0.3333333333333333 0.75 0.3333333333333333 6.0 38.0 0.0 1.0 2.0 3.0 
0.0 3.0 3.0 0.11538461538461539 0.65 0.08974358974358974 43.0 242.0 0.0 0.0 4.0 13.0 
0.0 1.0 1.0 0.2 0.8333333333333333 0.4 6.0 40.0 0.0 5.0 3.0 5.0 
0.0 4.0 1.0 0.022222222222222223 0.9782608695652173 0.09777777777777778 47.0 207.0 0.0 33.0 23.0 45.0 
3.0 2.0 4.0 0.0 0.0 0.2 19.0 86.0 0.0 0.0 0.0 5.0 
1.0 2.0 2.0 0.3333333333333333 0.5714285714285714 0.2222222222222222 22.0 91.0 0.0 0.0 7.0 7.0 
0.0 0.0 6.0 0.3333333333333333 0.6666666666666666 0.0 14.0 133.0 0.0 0.0 6.0 3.0 
0.0 1.0 1.0 0.0 0.0 0.0 2.0 23.0 0.0 1.0 1.0 1.0 
3.0 3.0 2.0 0.06159420289855073 0.7222222222222222 0.08695652173913043 56.0 287.0 0.0 0.0 4.0 23.0 
0.0 1.0 1.0 0.0 0.0 0.0 2.0 23.0 0.0 1.0 1.0 1.0 
0.0 0.0 2.0 0.0 0.0 0.0 1.0 8.0 0.0 0.0 0.0 1.0 
0.0 5.0 3.0 0.05319148936170213 0.9142011834319527 0.043478260869565216 110.0 572.0 0.0 0.0 13.0 46.0 
0.0 1.0 2.0 0.0 0.0 0.0 2.0 13.0 0.0 0.0 0.0 2.0 
1.0 3.0 1.0 0.047619047619047616 0.9545454545454545 0.06802721088435375 26.0 134.0 0.0 20.0 11.0 21.0 
0.0 4.0 1.0 0.06593406593406594 0.9423076923076923 0.10714285714285714 16.0 82.0 0.0 14.0 8.0 14.0 
0.0 1.0 3.0 0.0 0.0 0.0 9.0 50.0 0.0 0.0 0.0 2.0 
0.0 0.0 2.0 0.14285714285714285 0.0 0.16666666666666666 12.0 69.0 0.0 0.0 1.0 6.0 
0.0 2.0 1.0 0.0 1.0 0.0 4.0 32.0 0.0 1.0 2.0 2.0 
0.0 4.0 1.0 0.058823529411764705 0.9444444444444444 0.0784313725490196 20.0 99.0 0.0 17.0 9.0 17.0 
0.0 2.0 1.0 0.13333333333333333 0.9 0.3333333333333333 8.0 50.0 0.0 6.0 4.0 6.0 
0.0 2.0 1.0 0.13333333333333333 0.9 0.3333333333333333 8.0 50.0 0.0 6.0 4.0 6.0 
22.0 9.0 2.0 0.06976744186046512 0.9100529100529101 0.05 80.0 470.0 0.0 0.0 14.0 42.0 
0.0 0.0 5.0 0.1286549707602339 0.8461538461538461 0.07602339181286549 39.0 222.0 0.0 1.0 9.0 20.0 
0.0 1.0 1.0 0.3333333333333333 0.75 0.3333333333333333 4.0 32.0 0.0 3.0 2.0 3.0 
3.0 3.0 2.0 0.08333333333333333 0.0 0.06666666666666667 27.0 138.0 0.0 0.0 1.0 15.0 
0.0 1.0 1.0 0.14285714285714285 0.875 0.42857142857142855 11.0 60.0 0.0 7.0 4.0 7.0 
0.0 1.0 1.0 0.05263157894736842 0.9500000000000001 0.11842105263157894 25.0 127.0 0.0 17.0 10.0 19.0 
0.0 0.0 8.0 0.0 0.0 0.0 2.0 21.0 0.0 0.0 0.0 2.0 
0.0 3.0 1.0 0.2 0.8333333333333333 0.2 6.0 41.0 0.0 5.0 3.0 5.0 
0.0 0.0 2.0 0.0 0.0 0.0 2.0 17.0 0.0 0.0 1.0 2.0 
0.0 0.0 6.0 0.3333333333333333 0.6666666666666666 0.0 14.0 133.0 0.0 0.0 6.0 3.0 
0.0 2.0 2.0 0.2857142857142857 0.6666666666666666 0.14285714285714285 16.0 75.0 0.0 0.0 4.0 8.0 
0.0 2.0 1.0 0.0 1.0 0.0 4.0 32.0 0.0 2.0 2.0 2.0 
0.0 1.0 1.0 0.0 0.0 0.0 2.0 23.0 0.0 1.0 1.0 1.0 
0.0 0.0 1.0 0.14285714285714285 0.7916666666666666 0.42857142857142855 8.0 51.0 0.0 7.0 4.0 7.0 
0.0 1.0 2.0 0.0 0.0 0.5 2.0 14.0 0.0 0.0 0.0 2.0 
3.0 2.0 4.0 0.04 0.8727272727272727 0.05142857142857143 41.0 194.0 0.0 0.0 5.0 25.0 
0.0 7.0 1.0 0.06593406593406594 0.9423076923076923 0.08571428571428572 16.0 86.0 0.0 14.0 8.0 14.0 
5.0 4.0 1.0 0.3076441102756892 0.0 0.0 411.0 1775.0 0.0 0.0 0.0 0.0 
3.0 3.0 3.0 0.09803921568627451 0.5833333333333334 0.06862745098039216 40.0 199.0 0.0 0.0 2.0 17.0 
0.0 0.0 6.0 0.06666666666666667 0.5 0.5 21.0 112.0 0.0 0.0 2.0 7.0 
0.0 0.0 2.0 0.0 0.0 0.0 1.0 9.0 0.0 0.0 0.0 1.0 
0.0 3.0 1.0 0.2 0.8333333333333333 0.2 6.0 41.0 0.0 5.0 3.0 5.0 
0.0 2.0 1.0 0.3333333333333333 0.75 0.0 6.0 38.0 0.0 1.0 2.0 3.0 
0.0 2.0 1.0 0.10714285714285714 0.8571428571428571 0.1875 10.0 57.0 0.0 8.0 5.0 8.0 
0.0 3.0 1.0 0.13333333333333333 0.9 0.16666666666666666 8.0 51.0 0.0 6.0 4.0 6.0 
0.0 2.0 1.0 0.16666666666666666 0.888888888888889 0.25 6.0 42.0 0.0 4.0 3.0 4.0 
0.0 1.0 1.0 0.0 0.0 0.0 2.0 23.0 0.0 1.0 1.0 1.0 
0.0 5.0 1.0 0.1111111111111111 0.9 0.1111111111111111 10.0 59.0 0.0 5.0 5.0 9.0 
0.0 0.0 5.0 0.1286549707602339 0.8461538461538461 0.07602339181286549 39.0 222.0 0.0 1.0 9.0 20.0 
0.0 0.0 1.0 0.38181818181818183 0.7222222222222223 0.26666666666666666 60.0 308.0 0.0 0.0 9.0 10.0 
0.0 1.0 1.0 0.07692307692307693 0.9285714285714285 0.11538461538461539 15.0 92.0 0.0 12.0 7.0 13.0 
0.0 1.0 1.0 0.1111111111111111 0.9 0.14814814814814814 11.0 71.0 0.0 8.0 5.0 9.0 
0.0 2.0 1.0 0.3047619047619048 0.8106060606060606 0.11428571428571428 56.0 230.0 0.0 0.0 11.0 15.0 
6.0 8.0 3.0 0.08717948717948718 0.8944444444444445 0.05639097744360902 120.0 516.0 0.0 0.0 15.0 38.0 
0.0 0.0 1.0 0.16666666666666666 0.8625 0.0 79.0 300.0 0.0 0.0 8.0 12.0 
0.0 1.0 1.0 0.0 0.0 0.0 2.0 23.0 0.0 1.0 1.0 1.0 
3.0 2.0 2.0 0.05 0.5 0.06666666666666667 28.0 140.0 0.0 0.0 2.0 15.0 
0.0 3.0 1.0 0.1111111111111111 0.9 0.14814814814814814 10.0 59.0 0.0 9.0 5.0 9.0 
0.0 1.0 1.0 0.14285714285714285 0.875 0.42857142857142855 8.0 48.0 0.0 7.0 4.0 7.0 
0.0 1.0 3.0 0.18181818181818182 0.375 0.1 16.0 69.0 0.0 0.0 2.0 10.0 
0.0 1.0 2.0 0.2 0.6666666666666667 0.0 8.0 48.0 0.0 0.0 3.0 8.0 
0.0 4.0 2.0 0.5666666666666667 0.7040816326530612 0.2916666666666667 64.0 300.0 0.0 0.0 7.0 17.0 
0.0 1.0 1.0 0.2 0.8333333333333333 0.4 6.0 40.0 0.0 5.0 3.0 5.0 
14.0 1.0 2.0 0.0 0.0 0.24 10.0 75.0 0.0 0.0 0.0 5.0 
4.0 0.0 2.0 0.0 0.0 0.0 12.0 54.0 0.0 0.0 1.0 3.0 
0.0 2.0 1.0 0.3333333333333333 0.75 0.3333333333333333 6.0 38.0 0.0 1.0 2.0 3.0 
0.0 3.0 1.0 0.2 0.8333333333333333 0.2 6.0 41.0 0.0 5.0 3.0 5.0 
0.0 2.0 1.0 0.13333333333333333 0.9 0.16666666666666666 9.0 54.0 0.0 6.0 4.0 6.0 
0.0 3.0 1.0 0.022222222222222223 0.9777777777777777 0.0625 49.0 229.0 0.0 44.0 23.0 46.0 
0.0 2.0 1.0 0.13333333333333333 0.9 0.16666666666666666 8.0 49.0 0.0 6.0 4.0 6.0 
0.0 4.0 1.0 0.07692307692307693 0.9285714285714285 0.09230769230769231 15.0 80.0 0.0 12.0 7.0 13.0 
0.0 1.0 1.0 0.07692307692307693 0.9285714285714285 0.11538461538461539 15.0 90.0 0.0 12.0 7.0 13.0 
0.0 1.0 1.0 0.5714285714285714 0.6481481481481481 0.19047619047619047 19.0 94.0 0.0 0.0 9.0 9.0 
1.0 3.0 1.0 0.047619047619047616 0.9545454545454545 0.06802721088435375 26.0 134.0 0.0 20.0 11.0 21.0 
4.0 1.0 2.0 0.26666666666666666 0.65 0.23076923076923078 27.0 156.0 0.0 0.0 6.0 14.0 
0.0 2.0 1.0 0.16666666666666666 0.888888888888889 0.25 6.0 42.0 0.0 4.0 3.0 4.0 
0.0 3.0 2.0 0.2857142857142857 0.6875 0.125 11.0 59.0 0.0 0.0 4.0 11.0 
0.0 1.0 1.0 0.0 0.0 0.0 2.0 23.0 0.0 1.0 1.0 1.0 
0.0 4.0 1.0 0.058823529411764705 0.9444444444444444 0.0784313725490196 20.0 99.0 0.0 17.0 9.0 17.0 
1.0 0.0 6.0 0.0 0.8571428571428571 0.3333333333333333 23.0 170.0 0.0 0.0 7.0 4.0 
0.0 1.0 1.0 0.14285714285714285 0.7916666666666666 0.21428571428571427 8.0 48.0 0.0 7.0 4.0 7.0 
14.0 4.0 2.0 0.13666666666666666 0.8181818181818182 0.08333333333333333 47.0 274.0 0.0 0.0 11.0 24.0 
0.0 0.0 2.0 0.0 0.0 0.0 1.0 9.0 0.0 0.0 0.0 1.0 
0.0 4.0 1.0 0.058823529411764705 0.9444444444444444 0.0784313725490196 20.0 99.0 0.0 17.0 9.0 17.0 
0.0 1.0 2.0 0.2 0.6666666666666667 0.0 8.0 48.0 0.0 0.0 3.0 8.0 
0.0 0.0 1.0 0.13333333333333333 0.9 0.16666666666666666 9.0 57.0 0.0 5.0 4.0 6.0 
0.0 1.0 1.0 0.07692307692307693 0.9285714285714285 0.11538461538461539 15.0 92.0 0.0 12.0 7.0 13.0 
0.0 0.0 6.0 1.0 0.0 0.0 6.0 38.0 0.0 0.0 1.0 3.0 
13.0 3.0 2.0 0.09027777777777778 0.8803571428571428 0.047619047619047616 96.0 469.0 0.0 0.0 14.0 63.0 
4.0 1.0 2.0 0.0 0.0 0.17647058823529413 34.0 224.0 0.0 0.0 0.0 20.0 
3.0 3.0 3.0 0.09803921568627451 0.5833333333333334 0.06862745098039216 40.0 199.0 0.0 0.0 2.0 17.0 
0.0 1.0 1.0 0.05263157894736842 0.9500000000000001 0.11842105263157894 25.0 127.0 0.0 17.0 10.0 19.0 
0.0 1.0 1.0 0.0 0.0 0.0 2.0 23.0 0.0 1.0 1.0 1.0 
0.0 2.0 3.0 0.23809523809523808 0.4666666666666667 0.07142857142857142 29.0 128.0 0.0 0.0 3.0 14.0 
3.0 2.0 4.0 0.06719367588932806 0.8148148148148149 0.06060606060606061 55.0 261.0 0.0 0.0 6.0 22.0 
4.0 0.0 2.0 0.0 0.0 0.0 12.0 54.0 0.0 0.0 1.0 3.0 
0.0 1.0 1.0 0.3333333333333333 0.75 0.3333333333333333 4.0 32.0 0.0 3.0 2.0 3.0 
0.0 1.0 1.0 0.23809523809523808 0.9394736842105263 0.06818181818181818 59.0 245.0 4.0 0.0 20.0 23.0 
0.0 2.0 1.0 0.0 1.0 0.0 4.0 32.0 0.0 2.0 2.0 2.0 
0.0 0.0 1.0 0.0 0.0 0.0 2.0 25.0 0.0 1.0 1.0 1.0 
3.0 3.0 1.0 0.2757475083056478 0.8416422287390029 0.06395348837209303 110.0 524.0 0.0 0.0 11.0 43.0 
3.0 3.0 2.0 0.08088235294117647 0.5333333333333333 0.058823529411764705 22.0 133.0 0.0 0.0 3.0 17.0 
4.0 0.0 2.0 0.0 0.0 0.0 12.0 54.0 0.0 0.0 1.0 3.0 
16.0 3.0 3.0 0.09057971014492754 0.7916666666666666 0.11180124223602485 67.0 320.0 0.0 0.0 6.0 23.0 
0.0 0.0 1.0 0.23636363636363636 0.5625 0.22 48.0 323.0 0.0 1.0 4.0 10.0 
0.0 1.0 1.0 0.07692307692307693 0.9285714285714285 0.11538461538461539 14.0 73.0 0.0 9.0 7.0 13.0 
0.0 0.0 1.0 0.3055555555555556 0.6333333333333333 0.5 24.0 123.0 0.0 0.0 6.0 8.0 
0.0 3.0 1.0 0.058333333333333334 0.9481481481481481 0.14583333333333334 20.0 97.0 0.0 16.0 9.0 16.0 
0.0 4.0 1.0 0.08888888888888889 0.925925925925926 0.13333333333333333 12.0 67.0 0.0 10.0 6.0 10.0 
1.0 2.0 2.0 0.06666666666666667 0.0 0.3333333333333333 26.0 126.0 0.0 0.0 1.0 7.0 
0.0 2.0 1.0 0.0 1.0 0.0 4.0 32.0 0.0 2.0 2.0 2.0 
0.0 3.0 2.0 0.07526881720430108 0.8214285714285714 0.05238095238095238 77.0 364.0 0.0 0.0 7.0 30.0 
2.0 5.0 2.0 0.2523809523809524 0.8521739130434782 0.1125 158.0 559.0 0.0 0.0 23.0 20.0 
1.0 4.0 2.0 0.1471861471861472 0.7708333333333334 0.09848484848484848 46.0 257.0 0.0 0.0 4.0 22.0 
0.0 0.0 2.0 0.06666666666666667 0.0 0.16666666666666666 6.0 27.0 0.0 0.0 1.0 6.0 
0.0 1.0 1.0 0.2 0.8333333333333333 0.4 6.0 40.0 0.0 5.0 3.0 5.0 
0.0 4.0 1.0 0.23529411764705882 0.8333333333333334 0.04296875 67.0 364.0 0.0 0.0 8.0 32.0 
0.0 4.0 5.0 0.12807881773399016 0.9021739130434783 0.07428571428571429 40.0 286.0 0.0 0.0 16.0 26.0 
0.0 2.0 6.0 0.6 0.0 0.0 6.0 120.0 0.0 0.0 4.0 2.0 
0.0 3.0 1.0 0.2 0.8333333333333333 0.2 6.0 41.0 0.0 5.0 3.0 5.0 
0.0 1.0 2.0 0.16666666666666666 0.375 0.5 25.0 106.0 0.0 0.0 4.0 5.0 
0.0 2.0 1.0 0.13333333333333333 0.9 0.3333333333333333 8.0 50.0 0.0 6.0 4.0 6.0 
