3.0 0.0 2.0 0.06666666666666667 0.0 0.6666666666666666 21.0 102.0 0.0 0.0 1.0 4.0 
3.0 3.0 1.0 0.08064516129032258 0.9341692789968652 0.10344827586206896 45.0 197.0 0.0 18.0 11.0 31.0 
3.0 1.0 1.0 0.12380952380952381 0.8333333333333334 0.0875 49.0 196.0 0.0 9.0 10.0 22.0 
10.0 3.0 2.0 0.0 0.0 0.0 61.0 262.0 0.0 0.0 1.0 2.0 
5.0 1.0 2.0 0.0033333333333333335 0.0 0.0 175.0 740.0 0.0 0.0 1.0 3.0 
3.0 1.0 2.0 0.0 0.0 0.0 89.0 342.0 0.0 0.0 1.0 2.0 
3.0 4.0 1.0 0.26143790849673204 0.8403361344537814 0.08333333333333333 31.0 124.0 0.0 5.0 7.0 20.0 
0.0 0.0 3.0 0.0 0.0 0.0 8.0 35.0 0.0 1.0 1.0 2.0 
0.0 2.0 1.0 0.10541310541310542 0.8884615384615385 0.12169312169312169 69.0 294.0 0.0 3.0 10.0 29.0 
14.0 3.0 1.0 0.1736842105263158 0.8607142857142858 0.06875 391.0 1261.0 0.0 5.0 14.0 22.0 
1.0 1.0 2.0 0.0 0.0 0.5 25.0 83.0 0.0 0.0 0.0 4.0 
1.0 1.0 2.0 0.0 0.0 0.5 4.0 36.0 0.0 0.0 0.0 4.0 
16.0 7.0 1.0 0.2857142857142857 0.7 0.1 68.0 310.0 0.0 4.0 5.0 11.0 
17.0 8.0 1.0 0.27053140096618356 0.8963068181818182 0.035555555555555556 232.0 617.0 0.0 12.0 16.0 47.0 
28.0 4.0 1.0 0.07608695652173914 0.7802197802197802 0.07894736842105263 151.0 647.0 0.0 7.0 7.0 23.0 
1.0 1.0 2.0 0.0 0.0 0.5 9.0 38.0 0.0 0.0 0.0 4.0 
4.0 3.0 2.0 0.3333333333333333 0.6785714285714286 0.125 28.0 140.0 0.0 4.0 4.0 9.0 
1.0 1.0 2.0 0.0 0.0 0.5 3.0 28.0 0.0 0.0 0.0 3.0 
6.0 3.0 2.0 0.1523809523809524 0.8585858585858586 0.11666666666666667 28.0 176.0 0.0 4.0 9.0 13.0 
4.0 5.0 2.0 0.2 0.5833333333333334 0.1 17.0 67.0 0.0 3.0 2.0 10.0 
2.0 2.0 2.0 0.1794871794871795 0.82 0.1111111111111111 21.0 116.0 0.0 2.0 5.0 13.0 
6.0 7.0 2.0 0.16996047430830039 0.8161764705882353 0.05263157894736842 30.0 134.0 0.0 10.0 8.0 20.0 
8.0 1.0 2.0 0.21428571428571427 0.8 0.3 33.0 184.0 0.0 0.0 4.0 6.0 
9.0 6.0 1.0 0.12105263157894737 0.825 0.1 63.0 228.0 0.0 4.0 8.0 22.0 
6.0 5.0 1.0 0.39285714285714285 0.7708333333333333 0.125 35.0 163.0 0.0 4.0 6.0 10.0 
40.0 4.0 1.0 0.7676767676767676 0.8081761006289309 0.01818181818181818 134.0 596.0 0.0 3.0 6.0 57.0 
9.0 7.0 1.0 0.09420289855072464 0.7521367521367522 0.11484593837535013 327.0 1176.0 0.0 5.0 9.0 23.0 
2.0 2.0 4.0 0.0 0.0 0.0 122.0 438.0 0.0 0.0 0.0 1.0 
0.0 3.0 1.0 0.0 0.6666666666666666 0.0 10.0 48.0 0.0 2.0 3.0 5.0 
9.0 7.0 1.0 0.1978021978021978 0.8125 0.11428571428571428 52.0 216.0 0.0 2.0 8.0 16.0 
19.0 9.0 1.0 0.3024390243902439 0.880701754385965 0.04878048780487805 218.0 601.0 0.0 9.0 15.0 43.0 
8.0 2.0 1.0 0.3888888888888889 0.7111111111111111 0.1111111111111111 31.0 130.0 0.0 3.0 5.0 12.0 
23.0 4.0 1.0 0.0033333333333333335 0.6666666666666666 0.13 212.0 736.0 0.0 4.0 3.0 27.0 
0.0 1.0 2.0 0.6809116809116809 0.5 0.037037037037037035 33.0 171.0 0.0 2.0 2.0 27.0 
5.0 3.0 1.0 0.23809523809523808 0.5714285714285714 0.25 63.0 188.0 0.0 2.0 4.0 9.0 
6.0 5.0 1.0 0.1619047619047619 0.7912087912087912 0.13333333333333333 60.0 273.0 0.0 6.0 7.0 18.0 
11.0 6.0 1.0 0.0 0.6666666666666666 0.23636363636363636 68.0 262.0 0.0 3.0 3.0 13.0 
97.0 18.0 1.0 0.02702702702702703 0.9597163120567376 0.028153153153153154 1234.0 3898.0 0.0 33.0 47.0 146.0 
5.0 6.0 1.0 0.28063241106719367 0.7052631578947368 0.06363636363636363 104.0 323.0 0.0 5.0 5.0 24.0 
24.0 6.0 1.0 0.020351526364477335 0.7666666666666666 0.075 236.0 644.0 0.0 5.0 5.0 48.0 
15.0 6.0 1.0 0.1730612244897959 0.890560875512996 0.042 204.0 738.0 0.0 12.0 17.0 54.0 
21.0 6.0 1.0 0.32679738562091504 0.6911764705882353 0.08333333333333333 71.0 247.0 0.0 2.0 4.0 20.0 
8.0 3.0 1.0 0.09558823529411764 0.7916666666666666 0.09411764705882353 121.0 319.0 0.0 7.0 8.0 20.0 
0.0 0.0 2.0 0.0 0.0 0.5 2.0 20.0 0.0 0.0 0.0 2.0 
0.0 0.0 2.0 0.0 0.0 0.5 3.0 23.0 0.0 0.0 0.0 2.0 
1.0 2.0 2.0 0.8 0.0 0.2 23.0 111.0 0.0 0.0 1.0 13.0 
0.0 6.0 1.0 0.2948717948717949 0.6727272727272727 0.08974358974358974 32.0 130.0 0.0 3.0 5.0 17.0 
0.0 0.0 2.0 0.16194331983805668 0.0 0.02564102564102564 92.0 357.0 0.0 1.0 1.0 39.0 
0.0 3.0 1.0 0.3 0.6 0.2 12.0 53.0 0.0 2.0 3.0 7.0 
20.0 4.0 1.0 0.47619047619047616 0.7999999999999999 0.2857142857142857 36.0 232.0 0.0 1.0 5.0 9.0 
1.0 6.0 1.0 0.16666666666666666 0.8633540372670808 0.0625 60.0 190.0 0.0 8.0 7.0 26.0 
23.0 3.0 1.0 0.5 0.75 0.25 57.0 258.0 0.0 1.0 5.0 6.0 
2.0 3.0 1.0 0.2 0.5 0.2 63.0 213.0 0.0 0.0 2.0 7.0 
4.0 3.0 1.0 0.4 0.7666666666666667 0.3 31.0 123.0 0.0 0.0 6.0 7.0 
1.0 3.0 1.0 0.2 0.7 0.2 41.0 160.0 0.0 2.0 4.0 7.0 
0.0 0.0 2.0 0.3333333333333333 0.0 0.3333333333333333 3.0 20.0 0.0 1.0 1.0 3.0 
0.0 1.0 1.0 0.6700680272108843 0.6666666666666667 0.19183673469387755 162.0 628.0 0.0 0.0 3.0 49.0 
0.0 0.0 2.0 0.6666666666666666 0.0 0.16666666666666666 10.0 52.0 0.0 1.0 1.0 6.0 
0.0 0.0 1.0 0.0 0.0 0.5 4.0 20.0 0.0 0.0 0.0 2.0 
0.0 0.0 2.0 0.4 0.5 0.2 9.0 45.0 0.0 2.0 2.0 5.0 
0.0 0.0 1.0 0.0 0.0 0.5 4.0 20.0 0.0 0.0 0.0 2.0 
0.0 0.0 1.0 0.0 0.0 0.5 4.0 20.0 0.0 0.0 0.0 2.0 
0.0 0.0 1.0 0.0 0.0 0.5 4.0 20.0 0.0 0.0 0.0 2.0 
0.0 0.0 1.0 0.0 0.0 0.5 6.0 22.0 0.0 0.0 0.0 2.0 
0.0 1.0 1.0 0.7720588235294118 0.0 0.5 84.0 312.0 0.0 0.0 1.0 17.0 
0.0 0.0 1.0 0.0 0.0 0.5 4.0 20.0 0.0 0.0 0.0 2.0 
0.0 0.0 1.0 0.0 0.0 0.5 4.0 20.0 0.0 0.0 0.0 2.0 
0.0 0.0 1.0 0.0 0.0 0.5 8.0 24.0 0.0 0.0 0.0 2.0 
0.0 0.0 1.0 0.0 0.0 0.5 9.0 26.0 0.0 0.0 0.0 2.0 
0.0 0.0 1.0 0.0 0.0 0.5 4.0 20.0 0.0 0.0 0.0 2.0 
0.0 0.0 1.0 0.0 0.0 0.5 4.0 20.0 0.0 0.0 0.0 2.0 
0.0 0.0 1.0 0.0 0.0 0.5 4.0 20.0 0.0 0.0 0.0 2.0 
0.0 2.0 1.0 0.75 0.0 0.15625 15.0 63.0 0.0 0.0 1.0 8.0 
0.0 0.0 2.0 0.0 0.0 0.4166666666666667 4.0 24.0 0.0 0.0 0.0 3.0 
4.0 0.0 4.0 0.0 0.0 0.3333333333333333 8.0 39.0 0.0 0.0 0.0 3.0 
0.0 0.0 1.0 0.0 0.0 0.3333333333333333 4.0 23.0 0.0 0.0 0.0 3.0 
0.0 0.0 1.0 0.0 0.0 0.3333333333333333 4.0 23.0 0.0 0.0 0.0 3.0 
1.0 6.0 1.0 0.047619047619047616 0.86 0.0735930735930736 68.0 293.0 0.0 9.0 10.0 23.0 
4.0 3.0 1.0 0.14285714285714285 0.7 0.25 22.0 88.0 0.0 1.0 4.0 9.0 
1.0 1.0 1.0 0.0 0.0 0.5 5.0 29.0 0.0 0.0 0.0 2.0 
1.0 1.0 1.0 0.0 0.0 0.3333333333333333 17.0 60.0 0.0 1.0 0.0 3.0 
11.0 0.0 3.0 0.0 0.0 0.3333333333333333 40.0 144.0 0.0 0.0 0.0 4.0 
44.0 5.0 2.0 0.17848101265822786 0.6222222222222222 0.03121516164994426 754.0 2752.0 0.0 5.0 5.0 70.0 
4.0 6.0 2.0 0.7307692307692307 0.38461538461538464 0.125 54.0 198.0 0.0 0.0 2.0 15.0 
0.0 1.0 3.0 0.0 0.0 0.0 1.0 7.0 0.0 0.0 0.0 1.0 
0.0 1.0 3.0 0.0 0.0 0.0 3.0 17.0 0.0 1.0 1.0 2.0 
25.0 2.0 1.0 0.0 0.75 0.0 82.0 436.0 0.0 1.0 4.0 2.0 
4.0 6.0 2.0 0.7307692307692307 0.38461538461538464 0.125 54.0 198.0 0.0 0.0 2.0 15.0 
0.0 2.0 1.0 0.1 0.6666666666666666 0.26666666666666666 32.0 155.0 0.0 0.0 3.0 6.0 
2.0 3.0 1.0 0.19047619047619047 0.75 0.14285714285714285 11.0 55.0 0.0 4.0 4.0 8.0 
2.0 2.0 3.0 1.0 0.5 0.16666666666666666 13.0 54.0 0.0 1.0 2.0 7.0 
6.0 3.0 6.0 0.01818181818181818 0.0 0.24242424242424243 41.0 167.0 0.0 0.0 1.0 12.0 
3.0 1.0 5.0 0.6 0.33333333333333326 0.5 10.0 145.0 0.0 0.0 6.0 3.0 
0.0 2.0 3.0 1.0 0.0 0.5 3.0 14.0 0.0 2.0 1.0 3.0 
1.0 4.0 4.0 0.0 0.0 0.0 3.0 18.0 0.0 1.0 1.0 2.0 
2.0 2.0 3.0 1.0 0.5 0.16666666666666666 13.0 54.0 0.0 1.0 2.0 7.0 
9.0 3.0 3.0 0.0 0.0 0.0 36.0 130.0 0.0 0.0 1.0 3.0 
0.0 2.0 2.0 1.0 0.0 0.0 4.0 37.0 0.0 1.0 1.0 4.0 
4.0 6.0 2.0 0.7307692307692307 0.38461538461538464 0.125 54.0 198.0 0.0 0.0 2.0 15.0 
0.0 0.0 4.0 0.0 0.0 0.0 9.0 42.0 0.0 0.0 3.0 4.0 
4.0 5.0 2.0 0.2206896551724138 0.8518518518518519 0.06666666666666667 54.0 193.0 0.0 13.0 9.0 31.0 
4.0 5.0 2.0 0.2206896551724138 0.8518518518518519 0.06666666666666667 54.0 193.0 0.0 13.0 9.0 31.0 
2.0 0.0 2.0 0.0 0.0 1.0 4.0 26.0 0.0 0.0 0.0 3.0 
2.0 0.0 3.0 0.09523809523809523 0.5 0.14285714285714285 9.0 72.0 0.0 1.0 2.0 8.0 
0.0 0.0 4.0 0.0 0.0 0.0 9.0 42.0 0.0 0.0 3.0 4.0 
0.0 0.0 4.0 0.0 0.0 1.0 11.0 73.0 0.0 0.0 1.0 2.0 
2.0 1.0 3.0 0.027777777777777776 0.75 0.1111111111111111 13.0 57.0 0.0 2.0 2.0 10.0 
0.0 0.0 1.0 0.0 0.0 0.0 9.0 50.0 0.0 0.0 1.0 2.0 
2.0 1.0 5.0 0.6 0.16666666666666674 0.5 6.0 89.0 0.0 0.0 3.0 3.0 
0.0 2.0 5.0 0.06666666666666667 0.8888888888888888 0.06140350877192982 25.0 131.0 0.0 14.0 9.0 20.0 
0.0 3.0 4.0 0.0 0.0 0.0 1.0 7.0 0.0 0.0 0.0 1.0 
4.0 3.0 2.0 0.25263157894736843 0.8289473684210527 0.07 28.0 115.0 0.0 11.0 8.0 21.0 
3.0 0.0 3.0 1.0 0.25 0.0 16.0 77.0 0.0 0.0 2.0 3.0 
2.0 0.0 3.0 0.0 0.0 0.16666666666666666 16.0 55.0 0.0 0.0 1.0 7.0 
0.0 3.0 2.0 0.058823529411764705 0.9281045751633987 0.1568627450980392 18.0 74.0 0.0 15.0 9.0 18.0 
2.0 0.0 2.0 0.0 0.0 1.0 34.0 126.0 0.0 0.0 1.0 2.0 
2.0 1.0 1.0 1.0 0.0 1.0 6.0 33.0 0.0 0.0 1.0 3.0 
0.0 3.0 4.0 0.0 0.0 0.0 1.0 7.0 0.0 0.0 0.0 1.0 
2.0 1.0 1.0 1.0 0.0 1.0 6.0 33.0 0.0 0.0 1.0 3.0 
18.0 7.0 2.0 0.25555555555555554 0.8635235732009926 0.07222222222222222 163.0 449.0 0.0 8.0 13.0 38.0 
10.0 1.0 2.0 0.0 0.5 0.4 120.0 511.0 0.0 1.0 2.0 6.0 
0.0 0.0 2.0 1.0 0.0 0.0 3.0 33.0 0.0 0.0 2.0 3.0 
0.0 0.0 2.0 0.0 0.0 1.0 2.0 43.0 0.0 0.0 7.0 2.0 
20.0 8.0 3.0 0.17333333333333334 0.855072463768116 0.04666666666666667 83.0 270.0 0.0 9.0 9.0 26.0 
3.0 1.0 2.0 0.14285714285714285 0.5 0.2 8.0 89.0 0.0 0.0 2.0 6.0 
0.0 0.0 4.0 0.0 0.0 1.0 2.0 21.0 0.0 0.0 0.0 2.0 
12.0 1.0 4.0 0.10989010989010989 0.3 0.15384615384615385 246.0 1053.0 0.0 0.0 4.0 14.0 
2.0 4.0 2.0 0.16666666666666666 0.75 0.16666666666666666 16.0 98.0 0.0 4.0 4.0 11.0 
0.0 3.0 4.0 0.0 0.0 0.0 1.0 7.0 0.0 0.0 0.0 1.0 
0.0 2.0 3.0 0.3333333333333333 0.625 0.25 6.0 25.0 0.0 3.0 2.0 5.0 
0.0 3.0 2.0 0.058823529411764705 0.9281045751633987 0.1568627450980392 18.0 74.0 0.0 15.0 9.0 18.0 
0.0 2.0 2.0 0.0 0.0 0.0 2.0 10.0 0.0 0.0 0.0 2.0 
3.0 1.0 1.0 0.1 0.0 1.0 11.0 60.0 0.0 0.0 1.0 6.0 
5.0 2.0 2.0 1.0 0.0 0.0 13.0 77.0 0.0 0.0 2.0 3.0 
2.0 1.0 5.0 0.3333333333333333 0.41666666666666674 0.5 15.0 174.0 0.0 0.0 6.0 3.0 
8.0 3.0 3.0 0.0 0.0 0.0 33.0 123.0 0.0 0.0 0.0 2.0 
0.0 1.0 2.0 0.42857142857142855 0.6666666666666666 0.42857142857142855 11.0 39.0 0.0 6.0 3.0 8.0 
44.0 5.0 2.0 0.17848101265822786 0.6222222222222222 0.03121516164994426 754.0 2752.0 0.0 5.0 5.0 70.0 
4.0 3.0 2.0 0.25263157894736843 0.8289473684210527 0.07 28.0 115.0 0.0 11.0 8.0 21.0 
2.0 0.0 3.0 0.0 0.0 0.16666666666666666 16.0 55.0 0.0 0.0 1.0 7.0 
1.0 2.0 2.0 0.8333333333333334 0.25 0.0 15.0 85.0 0.0 2.0 2.0 5.0 
2.0 1.0 3.0 0.2222222222222222 0.6666666666666667 0.5 14.0 170.0 0.0 3.0 3.0 7.0 
1.0 2.0 2.0 0.8333333333333334 0.25 0.0 15.0 85.0 0.0 2.0 2.0 5.0 
11.0 2.0 4.0 0.2857142857142857 0.625 0.1111111111111111 82.0 406.0 0.0 1.0 6.0 14.0 
3.0 1.0 4.0 0.0 0.0 0.0 5.0 27.0 0.0 0.0 0.0 3.0 
4.0 2.0 2.0 0.4 0.5555555555555555 0.0 18.0 117.0 0.0 1.0 3.0 4.0 
3.0 1.0 2.0 0.14285714285714285 0.5 0.2 8.0 89.0 0.0 0.0 2.0 6.0 
0.0 0.0 4.0 0.0 0.0 0.0 9.0 42.0 0.0 0.0 3.0 4.0 
4.0 2.0 3.0 1.0 0.0 0.0 11.0 99.0 0.0 0.0 2.0 3.0 
0.0 0.0 2.0 0.0 0.0 0.0 1.0 9.0 0.0 0.0 0.0 1.0 
4.0 6.0 2.0 0.7307692307692307 0.38461538461538464 0.125 54.0 198.0 0.0 0.0 2.0 15.0 
15.0 2.0 2.0 1.0 0.0 0.0 34.0 138.0 0.0 1.0 1.0 4.0 
7.0 3.0 1.0 0.009523809523809525 0.888888888888889 0.175 59.0 313.0 0.0 5.0 9.0 11.0 
0.0 2.0 3.0 1.0 0.0 0.5 3.0 14.0 0.0 2.0 1.0 3.0 
4.0 2.0 3.0 1.0 0.0 0.0 11.0 99.0 0.0 0.0 2.0 3.0 
44.0 5.0 2.0 0.17848101265822786 0.6222222222222222 0.03121516164994426 754.0 2752.0 0.0 5.0 5.0 70.0 
0.0 1.0 2.0 0.0 0.6666666666666666 0.0 6.0 30.0 0.0 3.0 3.0 4.0 
0.0 0.0 3.0 0.0 0.0 1.0 2.0 14.0 0.0 0.0 0.0 2.0 
2.0 2.0 3.0 1.0 0.5 0.16666666666666666 13.0 54.0 0.0 1.0 2.0 7.0 
1.0 2.0 3.0 0.0 0.0 0.0 6.0 21.0 0.0 1.0 1.0 2.0 
5.0 1.0 2.0 0.05128205128205128 0.5 0.2 8.0 117.0 0.0 0.0 2.0 6.0 
0.0 2.0 2.0 0.18181818181818182 0.86 0.09090909090909091 12.0 70.0 0.0 2.0 5.0 12.0 
