1.0 2.0 1.0 0.2077922077922078 0.6794871794871794 0.07692307692307693 118.0 398.0 0.0 5.0 6.0 15.0 
12.0 2.0 2.0 0.5 0.75 0.125 84.0 392.0 0.0 2.0 9.0 10.0 
4.0 4.0 1.0 0.07142857142857142 0.3333333333333333 0.3125 39.0 153.0 0.0 2.0 2.0 10.0 
6.0 2.0 2.0 0.24444444444444444 0.4833333333333334 0.15 59.0 229.0 0.0 0.0 10.0 11.0 
0.0 0.0 3.0 0.13333333333333333 0.33333333333333326 0.25 18.0 85.0 0.0 0.0 3.0 5.0 
4.0 4.0 1.0 0.09090909090909091 0.5333333333333333 0.18181818181818182 46.0 210.0 0.0 2.0 3.0 13.0 
0.0 6.0 1.0 0.20261437908496732 0.8774509803921569 0.06862745098039216 33.0 169.0 0.0 10.0 12.0 19.0 
6.0 3.0 3.0 0.16748768472906403 0.8484848484848486 0.10833333333333334 122.0 452.0 0.0 0.0 11.0 25.0 
2.0 0.0 2.0 0.08888888888888889 0.65 0.31746031746031744 75.0 401.0 0.0 0.0 5.0 11.0 
1.0 2.0 2.0 0.0 0.0 0.5 15.0 99.0 0.0 0.0 1.0 3.0 
0.0 3.0 2.0 0.0 0.0 0.5 8.0 69.0 0.0 0.0 1.0 3.0 
0.0 2.0 1.0 0.2 0.75 0.25 14.0 79.0 0.0 0.0 3.0 5.0 
0.0 3.0 2.0 0.16666666666666666 0.6666666666666666 0.35 54.0 302.0 0.0 0.0 3.0 5.0 
0.0 5.0 1.0 0.3333333333333333 0.3333333333333333 0.24 13.0 99.0 0.0 0.0 3.0 5.0 
0.0 2.0 2.0 0.16666666666666666 0.0 0.3125 29.0 128.0 0.0 0.0 2.0 5.0 
0.0 3.0 2.0 0.5 0.3333333333333333 0.25 37.0 158.0 0.0 0.0 2.0 5.0 
2.0 0.0 1.0 0.0 0.0 1.0 6.0 51.0 0.0 0.0 0.0 1.0 
0.0 2.0 1.0 0.04 0.9545454545454546 0.125 26.0 105.0 0.0 0.0 12.0 24.0 
0.0 5.0 1.0 0.5 0.33333333333333326 0.3333333333333333 6.0 106.0 0.0 0.0 3.0 3.0 
0.0 0.0 1.0 0.0 0.0 0.0 1.0 11.0 0.0 0.0 1.0 1.0 
0.0 0.0 2.0 0.0 0.0 1.0 1.0 37.0 0.0 0.0 0.0 1.0 
0.0 1.0 1.0 0.0 0.0 0.75 3.0 29.0 0.0 0.0 0.0 2.0 
0.0 0.0 1.0 1.0 0.0 0.5 2.0 19.0 0.0 0.0 1.0 2.0 
0.0 2.0 1.0 1.0 0.0 0.25 13.0 54.0 0.0 0.0 1.0 6.0 
0.0 0.0 2.0 0.0 0.0 1.0 1.0 9.0 0.0 0.0 0.0 1.0 
0.0 1.0 1.0 0.5 0.6666666666666666 0.375 10.0 50.0 0.0 0.0 3.0 4.0 
0.0 1.0 1.0 0.15555555555555556 0.6799999999999999 0.22 23.0 127.0 0.0 0.0 5.0 10.0 
0.0 1.0 3.0 0.18181818181818182 0.0 0.10909090909090909 22.0 102.0 0.0 2.0 1.0 11.0 
0.0 4.0 2.0 0.0 0.0 0.5 16.0 118.0 20.0 0.0 20.0 2.0 
0.0 0.0 4.0 0.0 0.0 0.0 1.0 7.0 0.0 0.0 0.0 1.0 
0.0 1.0 2.0 0.0 0.0 0.0 1.0 8.0 0.0 0.0 0.0 1.0 
0.0 0.0 1.0 0.0 0.0 0.0 2.0 13.0 0.0 0.0 1.0 2.0 
0.0 0.0 4.0 0.0 0.0 0.0 2.0 10.0 0.0 0.0 0.0 2.0 
0.0 6.0 3.0 0.0 0.0 0.3333333333333333 6.0 33.0 0.0 0.0 0.0 5.0 
0.0 0.0 4.0 0.5 0.7142857142857143 0.375 13.0 64.0 0.0 0.0 7.0 5.0 
0.0 2.0 1.0 0.6 0.611111111111111 0.16666666666666666 11.0 41.0 0.0 0.0 3.0 7.0 
0.0 1.0 1.0 0.0 0.6666666666666666 0.2 12.0 52.0 0.0 0.0 3.0 7.0 
0.0 1.0 1.0 0.0 0.0 0.0 2.0 13.0 0.0 0.0 1.0 2.0 
0.0 3.0 1.0 0.14285714285714285 0.5 0.1875 13.0 80.0 0.0 0.0 3.0 9.0 
0.0 1.0 1.0 0.0 0.6666666666666666 0.2 12.0 52.0 0.0 0.0 3.0 7.0 
0.0 6.0 2.0 1.0 0.0 1.0 8.0 97.0 0.0 0.0 2.0 2.0 
0.0 2.0 1.0 0.0 0.2 0.2 13.0 44.0 0.0 0.0 2.0 6.0 
0.0 0.0 2.0 0.0 0.0 1.0 2.0 10.0 0.0 0.0 1.0 2.0 
0.0 1.0 2.0 0.0 0.0 0.0 3.0 14.0 0.0 0.0 0.0 3.0 
0.0 2.0 5.0 0.13333333333333333 0.0 0.5 10.0 79.0 0.0 0.0 1.0 6.0 
0.0 1.0 1.0 0.0 0.5 0.0 3.0 18.0 0.0 0.0 2.0 3.0 
0.0 1.0 1.0 0.0 0.0 0.0 2.0 13.0 0.0 0.0 1.0 2.0 
0.0 7.0 2.0 0.16666666666666666 0.5 0.5 6.0 73.0 0.0 0.0 6.0 4.0 
0.0 4.0 1.0 1.0 0.0 0.5555555555555556 4.0 29.0 0.0 0.0 1.0 4.0 
0.0 0.0 2.0 0.0 0.0 0.5 20.0 93.0 0.0 0.0 0.0 2.0 
0.0 0.0 4.0 0.0 0.0 0.0 2.0 10.0 0.0 0.0 0.0 2.0 
0.0 0.0 4.0 0.0 0.0 0.0 2.0 10.0 0.0 0.0 0.0 2.0 
0.0 1.0 1.0 0.0 0.0 1.0 6.0 63.0 0.0 0.0 1.0 2.0 
0.0 0.0 3.0 0.17857142857142858 0.79 0.19047619047619047 46.0 282.0 0.0 0.0 20.0 8.0 
0.0 1.0 1.0 0.0 0.0 0.0 2.0 12.0 0.0 0.0 1.0 2.0 
0.0 0.0 4.0 0.0 0.0 0.0 2.0 10.0 0.0 0.0 0.0 2.0 
0.0 1.0 1.0 0.0858974358974359 0.7593582887700535 0.06578947368421052 266.0 1255.0 0.0 8.0 11.0 26.0 
0.0 7.0 2.0 0.0 0.0 1.0 2.0 36.0 0.0 0.0 1.0 2.0 
