0.0 0.0 3.0 0.05454545454545454 0.25 0.1590909090909091 31.0 129.0 0.0 0.0 2.0 12.0 
0.0 0.0 5.0 0.08333333333333333 0.25 0.2222222222222222 18.0 106.0 0.0 0.0 2.0 10.0 
0.0 0.0 5.0 0.0 0.0 1.0 7.0 42.0 0.0 0.0 0.0 4.0 
0.0 0.0 3.0 0.21428571428571427 0.0 0.275 23.0 88.0 0.0 0.0 1.0 8.0 
1.0 0.0 2.0 0.0 0.0 0.1623931623931624 62.0 218.0 0.0 0.0 1.0 13.0 
0.0 0.0 3.0 0.0 0.75 0.2 9.0 43.0 0.0 4.0 4.0 8.0 
2.0 2.0 6.0 0.0 0.0 0.0 1.0 9.0 0.0 0.0 0.0 1.0 
0.0 1.0 3.0 0.0 0.0 0.0 1.0 10.0 0.0 0.0 0.0 1.0 
2.0 5.0 6.0 0.0 0.0 0.0 1.0 14.0 0.0 0.0 0.0 1.0 
0.0 0.0 1.0 1.0 0.5 0.5 6.0 36.0 0.0 0.0 4.0 4.0 
0.0 0.0 5.0 0.0 0.0 0.0 1.0 7.0 0.0 0.0 0.0 1.0 
0.0 1.0 2.0 0.0 0.0 1.0 6.0 38.0 0.0 0.0 2.0 4.0 
