0.0 4.0 1.0 0.17373737373737375 0.0 0.3333333333333333 36.0 253.0 0.0 3.0 1.0 11.0 
0.0 9.0 1.0 0.2222222222222222 0.8347826086956521 0.09876543209876543 50.0 175.0 0.0 4.0 5.0 27.0 
0.0 1.0 1.0 0.22727272727272727 0.0 0.0 23.0 117.0 0.0 2.0 1.0 2.0 
1.0 2.0 1.0 0.0 0.0 0.5833333333333334 9.0 39.0 0.0 0.0 0.0 3.0 
6.0 5.0 1.0 0.2222222222222222 0.7916666666666666 0.2833333333333333 52.0 224.0 0.0 0.0 12.0 16.0 
5.0 3.0 1.0 0.0735930735930736 0.7454545454545454 0.2 49.0 198.0 0.0 0.0 5.0 16.0 
2.0 0.0 2.0 0.06666666666666667 0.0 0.36666666666666664 26.0 115.0 0.0 0.0 1.0 10.0 
4.0 1.0 1.0 0.2777777777777778 0.0 0.3125 48.0 199.0 0.0 0.0 1.0 10.0 
1.0 2.0 2.0 0.11052631578947368 0.6666666666666667 0.2619047619047619 42.0 218.0 0.0 0.0 6.0 15.0 
1.0 0.0 3.0 0.003952569169960474 0.0 0.3333333333333333 66.0 314.0 0.0 0.0 1.0 4.0 
1.0 1.0 1.0 0.11428571428571428 0.75 0.21666666666666667 44.0 200.0 0.0 8.0 5.0 16.0 
0.0 0.0 1.0 0.03571428571428571 0.0 0.2 17.0 69.0 0.0 1.0 1.0 6.0 
0.0 0.0 3.0 0.47619047619047616 0.0 0.2 33.0 143.0 0.0 0.0 1.0 6.0 
3.0 2.0 1.0 0.03571428571428571 0.6666666666666667 0.2 29.0 115.0 0.0 4.0 3.0 7.0 
0.0 0.0 1.0 0.047619047619047616 0.5 0.2 10.0 41.0 0.0 1.0 2.0 7.0 
0.0 1.0 1.0 0.0 0.0 0.2 8.0 33.0 0.0 1.0 1.0 6.0 
1.0 0.0 3.0 0.3611111111111111 0.5 0.15625 20.0 91.0 0.0 2.0 2.0 9.0 
1.0 0.0 3.0 0.3626373626373626 0.45 0.10606060606060606 25.0 117.0 0.0 1.0 2.0 13.0 
0.0 0.0 3.0 0.6666666666666666 0.0 0.2 8.0 46.0 0.0 0.0 1.0 6.0 
5.0 1.0 3.0 0.5238095238095238 0.3 0.2 10.0 117.0 0.0 0.0 2.0 6.0 
0.0 2.0 3.0 0.20512820512820512 0.0 0.19047619047619047 29.0 155.0 0.0 0.0 1.0 8.0 
2.0 0.0 3.0 0.17142857142857143 0.75 0.15625 34.0 199.0 0.0 1.0 4.0 9.0 
0.0 0.0 3.0 0.047619047619047616 0.0 0.2857142857142857 23.0 84.0 0.0 0.0 0.0 7.0 
6.0 1.0 4.0 0.0 0.0 0.0 3.0 87.0 0.0 0.0 0.0 1.0 
0.0 0.0 5.0 0.06666666666666667 0.8 0.2777777777777778 15.0 87.0 0.0 0.0 4.0 7.0 
0.0 2.0 2.0 0.0 0.0 0.0 78.0 274.0 0.0 0.0 0.0 1.0 
0.0 1.0 5.0 0.0 0.0 0.0 16.0 82.0 0.0 0.0 0.0 3.0 
0.0 0.0 3.0 0.3333333333333333 0.0 0.3333333333333333 4.0 21.0 0.0 0.0 1.0 4.0 
0.0 1.0 1.0 0.01818181818181818 0.0 0.275 28.0 187.0 0.0 1.0 0.0 8.0 
2.0 2.0 1.0 0.3333333333333333 0.6190476190476192 0.14285714285714285 13.0 55.0 0.0 4.0 3.0 11.0 
4.0 0.0 1.0 0.06666666666666667 0.0 0.25 10.0 49.0 0.0 1.0 1.0 6.0 
0.0 2.0 1.0 0.23076923076923078 0.7857142857142857 0.1 25.0 101.0 0.0 10.0 5.0 18.0 
3.0 4.0 1.0 0.20261437908496732 0.6 0.2184873949579832 46.0 213.0 0.0 0.0 2.0 17.0 
2.0 4.0 1.0 0.07142857142857142 0.875 0.18518518518518517 55.0 216.0 0.0 0.0 4.0 18.0 
2.0 4.0 1.0 0.0 0.0 0.2916666666666667 10.0 45.0 0.0 0.0 0.0 8.0 
0.0 3.0 2.0 0.2727272727272727 0.0 0.2 16.0 69.0 0.0 2.0 1.0 10.0 
1.0 3.0 2.0 0.17857142857142858 0.3333333333333333 0.25 12.0 55.0 0.0 4.0 2.0 6.0 
0.0 3.0 2.0 0.0 0.0 0.3333333333333333 4.0 25.0 0.0 1.0 0.0 3.0 
5.0 4.0 2.0 0.0 0.0 0.2 16.0 100.0 0.0 0.0 0.0 10.0 
0.0 4.0 3.0 0.00202020202020202 0.75 0.04715447154471545 51.0 189.0 0.0 0.0 2.0 42.0 
2.0 4.0 2.0 0.2 0.0 0.25 7.0 124.0 0.0 1.0 1.0 4.0 
0.0 2.0 7.0 0.07692307692307693 0.8 0.18181818181818182 21.0 80.0 0.0 2.0 3.0 14.0 
6.0 5.0 1.0 0.025 0.0 0.1590909090909091 47.0 286.0 0.0 0.0 1.0 11.0 
6.0 2.0 1.0 0.08333333333333333 0.7222222222222223 0.12 33.0 141.0 0.0 2.0 3.0 10.0 
3.0 3.0 1.0 0.0 0.5 0.2857142857142857 14.0 77.0 0.0 0.0 2.0 9.0 
21.0 4.0 2.0 0.1282051282051282 0.25 0.0 15.0 299.0 0.0 1.0 2.0 3.0 
0.0 2.0 3.0 0.06666666666666667 0.0 0.3333333333333333 8.0 41.0 0.0 2.0 1.0 3.0 
0.0 0.0 1.0 0.3333333333333333 0.0 0.3333333333333333 8.0 56.0 0.0 0.0 1.0 3.0 
5.0 3.0 1.0 0.0 0.0 0.23809523809523808 58.0 254.0 0.0 0.0 1.0 18.0 
22.0 4.0 1.0 0.0 0.0 0.16483516483516483 47.0 271.0 0.0 1.0 0.0 13.0 
3.0 2.0 1.0 0.10256410256410256 0.7142857142857143 0.18181818181818182 33.0 150.0 0.0 5.0 5.0 14.0 
0.0 1.0 2.0 0.5 0.0 0.25 10.0 55.0 0.0 0.0 2.0 4.0 
5.0 1.0 1.0 0.12087912087912088 0.5 0.25 19.0 117.0 0.0 4.0 2.0 8.0 
7.0 4.0 2.0 0.12280701754385964 0.5714285714285714 0.203125 35.0 164.0 0.0 1.0 3.0 16.0 
12.0 1.0 7.0 0.01098901098901099 0.0 0.12087912087912088 18.0 111.0 0.0 1.0 0.0 13.0 
0.0 0.0 2.0 0.0 0.0 0.0 4.0 18.0 0.0 0.0 0.0 4.0 
5.0 1.0 1.0 0.0 0.0 0.3333333333333333 5.0 52.0 0.0 1.0 2.0 4.0 
3.0 3.0 3.0 0.14285714285714285 0.125 0.14285714285714285 14.0 83.0 0.0 1.0 2.0 8.0 
3.0 3.0 3.0 0.0 0.0 1.0 3.0 27.0 0.0 0.0 3.0 2.0 
0.0 2.0 2.0 0.3 0.6875 0.2 13.0 64.0 0.0 0.0 4.0 6.0 
2.0 1.0 1.0 0.3333333333333333 0.3333333333333333 0.25 7.0 33.0 0.0 0.0 3.0 5.0 
0.0 0.0 3.0 0.3055555555555556 0.7083333333333334 0.125 21.0 89.0 0.0 2.0 4.0 13.0 
2.0 1.0 1.0 0.25 0.7333333333333333 0.2 19.0 183.0 0.0 0.0 9.0 6.0 
6.0 10.0 1.0 0.008974358974358974 0.6 0.15579710144927536 44.0 328.0 0.0 0.0 3.0 24.0 
2.0 2.0 3.0 0.5 0.3333333333333333 0.25 5.0 42.0 0.0 1.0 3.0 5.0 
0.0 1.0 3.0 0.0 0.0 1.0 2.0 14.0 0.0 0.0 1.0 2.0 
4.0 1.0 1.0 0.3055555555555556 0.5 0.3333333333333333 45.0 178.0 0.0 1.0 2.0 11.0 
5.0 1.0 3.0 0.0 0.0 0.25 9.0 42.0 0.0 1.0 0.0 5.0 
2.0 0.0 5.0 0.0 0.0 1.0 6.0 47.0 0.0 0.0 0.0 2.0 
3.0 0.0 3.0 0.0 0.0 0.5 5.0 62.0 0.0 0.0 1.0 3.0 
0.0 2.0 1.0 0.19230769230769232 0.6888888888888889 0.07692307692307693 32.0 134.0 0.0 4.0 5.0 16.0 
7.0 6.0 1.0 0.01 0.0 0.20634920634920634 26.0 192.0 0.0 0.0 1.0 19.0 
3.0 3.0 3.0 0.0 0.0 1.0 3.0 27.0 0.0 0.0 3.0 2.0 
1.0 1.0 3.0 0.0 0.0 0.3333333333333333 8.0 47.0 0.0 0.0 1.0 4.0 
1.0 1.0 4.0 0.0 0.0 0.2 7.0 39.0 0.0 0.0 1.0 6.0 
2.0 9.0 2.0 0.035650623885918005 0.8888888888888888 0.046875 43.0 195.0 0.0 10.0 9.0 25.0 
0.0 0.0 1.0 0.0 0.0 1.0 3.0 18.0 0.0 0.0 1.0 2.0 
0.0 2.0 1.0 0.19230769230769232 0.6888888888888889 0.07692307692307693 32.0 134.0 0.0 4.0 5.0 16.0 
1.0 1.0 2.0 0.0 0.0 0.3333333333333333 4.0 29.0 0.0 1.0 0.0 3.0 
1.0 2.0 3.0 0.26666666666666666 0.16666666666666674 0.2 13.0 80.0 0.0 1.0 3.0 6.0 
0.0 1.0 1.0 0.16666666666666666 0.6833333333333333 0.0 37.0 163.0 0.0 2.0 6.0 14.0 
2.0 1.0 1.0 0.25 0.7333333333333333 0.2 19.0 183.0 0.0 0.0 9.0 6.0 
3.0 0.0 3.0 0.0 0.0 1.0 13.0 79.0 0.0 0.0 1.0 2.0 
0.0 1.0 3.0 0.0 0.0 1.0 2.0 14.0 0.0 0.0 1.0 2.0 
2.0 1.0 1.0 0.25 0.7333333333333333 0.2 19.0 183.0 0.0 0.0 9.0 6.0 
13.0 4.0 1.0 0.02620967741935484 0.5 0.27 60.0 310.0 0.0 2.0 2.0 26.0 
3.0 0.0 1.0 0.0 0.0 0.0 39.0 138.0 0.0 0.0 0.0 3.0 
1.0 2.0 1.0 0.6 0.0 0.25 13.0 46.0 0.0 0.0 1.0 6.0 
0.0 0.0 1.0 0.3333333333333333 0.5 0.0 4.0 21.0 0.0 2.0 2.0 4.0 
0.0 2.0 2.0 0.4 0.0 0.25 8.0 40.0 0.0 1.0 1.0 5.0 
22.0 8.0 1.0 0.02564102564102564 0.375 0.22727272727272727 42.0 311.0 0.0 0.0 2.0 12.0 
0.0 0.0 6.0 0.0 0.0 1.0 7.0 36.0 0.0 0.0 1.0 2.0 
1.0 2.0 3.0 0.0 0.0 1.0 3.0 28.0 0.0 0.0 2.0 2.0 
0.0 2.0 1.0 0.19230769230769232 0.6888888888888889 0.07692307692307693 32.0 134.0 0.0 4.0 5.0 16.0 
0.0 0.0 2.0 1.0 0.0 0.5 4.0 47.0 0.0 0.0 2.0 3.0 
2.0 1.0 1.0 0.16666666666666666 0.3333333333333333 0.25 5.0 30.0 0.0 0.0 3.0 5.0 
1.0 3.0 2.0 0.1111111111111111 0.0 0.16666666666666666 14.0 71.0 0.0 2.0 1.0 7.0 
20.0 2.0 2.0 0.05 0.8068181818181818 0.124 116.0 415.0 0.0 1.0 8.0 26.0 
0.0 1.0 2.0 0.18181818181818182 0.0 0.24242424242424243 19.0 78.0 0.0 0.0 1.0 12.0 
1.0 1.0 2.0 0.6153846153846154 0.7045454545454546 0.09090909090909091 38.0 122.0 0.0 2.0 4.0 17.0 
0.0 0.0 2.0 1.0 0.0 0.5 4.0 47.0 0.0 0.0 2.0 3.0 
2.0 0.0 3.0 0.0 0.0 1.0 4.0 30.0 0.0 0.0 1.0 2.0 
3.0 2.0 4.0 0.16666666666666666 0.0 0.5 10.0 48.0 0.0 0.0 1.0 3.0 
0.0 0.0 3.0 1.0 0.4 0.2 10.0 68.0 0.0 0.0 2.0 7.0 
0.0 1.0 3.0 0.0 0.75 0.0 6.0 32.0 0.0 4.0 4.0 6.0 
1.0 2.0 3.0 0.26666666666666666 0.16666666666666674 0.2 13.0 80.0 0.0 1.0 3.0 6.0 
0.0 2.0 2.0 0.3 0.6875 0.2 13.0 64.0 0.0 0.0 4.0 6.0 
3.0 2.0 4.0 0.16666666666666666 0.0 0.5 10.0 48.0 0.0 0.0 1.0 3.0 
0.0 1.0 3.0 0.0 0.75 0.0 6.0 32.0 0.0 4.0 4.0 6.0 
2.0 1.0 1.0 0.5 0.0 0.3333333333333333 15.0 88.0 0.0 0.0 1.0 5.0 
