0.0 7.0 1.0 0.013431013431013432 0.9762452107279694 0.06043956043956044 97.0 572.0 0.0 83.0 45.0 94.0 
1.0 2.0 3.0 0.0 0.0 0.0 19.0 99.0 0.0 0.0 0.0 1.0 
2.0 1.0 3.0 0.0 0.0 0.0 6.0 28.0 0.0 0.0 0.0 2.0 
3.0 3.0 3.0 0.0 0.0 0.0 3.0 24.0 0.0 1.0 1.0 2.0 
3.0 4.0 3.0 0.6666666666666666 0.5833333333333334 0.0 14.0 75.0 0.0 2.0 4.0 9.0 
0.0 5.0 1.0 0.1 0.75 0.25 12.0 94.0 0.0 2.0 5.0 6.0 
1.0 1.0 3.0 0.0 0.0 0.0 4.0 26.0 0.0 1.0 1.0 4.0 
0.0 4.0 1.0 0.32727272727272727 0.7922077922077922 0.18181818181818182 18.0 110.0 0.0 1.0 7.0 14.0 
0.0 9.0 1.0 0.014285714285714285 0.7777777777777777 0.05291005291005291 27.0 139.0 0.0 1.0 9.0 23.0 
2.0 2.0 3.0 0.0 0.0 0.0 2.0 20.0 0.0 1.0 1.0 2.0 
1.0 2.0 3.0 0.16666666666666666 0.0 0.0 59.0 308.0 0.0 0.0 2.0 2.0 
0.0 2.0 1.0 0.4666666666666667 0.5 0.4166666666666667 46.0 145.0 0.0 0.0 2.0 8.0 
0.0 2.0 1.0 0.044444444444444446 0.8 0.125 20.0 129.0 0.0 4.0 5.0 11.0 
0.0 2.0 1.0 0.45054945054945056 0.5974025974025974 0.19230769230769232 43.0 195.0 0.0 1.0 7.0 16.0 
2.0 5.0 1.0 0.5333333333333333 0.7916666666666666 0.20833333333333334 54.0 321.0 0.0 3.0 8.0 8.0 
1.0 10.0 1.0 0.23025210084033612 0.9183673469387755 0.07352941176470588 66.0 356.0 0.0 21.0 21.0 39.0 
9.0 10.0 1.0 0.09090909090909091 0.8666666666666666 0.13636363636363635 45.0 275.0 0.0 3.0 12.0 13.0 
13.0 15.0 1.0 0.21951219512195122 0.912912912912913 0.041666666666666664 83.0 499.0 0.0 25.0 27.0 44.0 
1.0 4.0 1.0 0.1323529411764706 0.85 0.10416666666666667 26.0 152.0 0.0 13.0 10.0 19.0 
9.0 13.0 1.0 0.19390243902439025 0.9326530612244899 0.042682926829268296 77.0 419.0 0.0 24.0 28.0 44.0 
3.0 2.0 1.0 0.23809523809523808 0.825 0.16666666666666666 30.0 169.0 0.0 2.0 8.0 8.0 
1.0 8.0 1.0 0.5 0.6666666666666666 0.4090909090909091 30.0 163.0 0.0 1.0 3.0 16.0 
6.0 10.0 1.0 0.6363636363636364 0.7962962962962963 0.25 61.0 400.0 0.0 0.0 9.0 14.0 
1.0 4.0 1.0 0.11666666666666667 0.8771929824561404 0.09375 131.0 575.0 0.0 2.0 19.0 19.0 
1.0 2.0 1.0 0.3333333333333333 0.5 0.3333333333333333 23.0 298.0 0.0 1.0 3.0 5.0 
0.0 2.0 1.0 0.1 0.6 0.0 31.0 267.0 0.0 1.0 5.0 6.0 
0.0 2.0 1.0 0.0 0.5 0.0 21.0 141.0 0.0 1.0 2.0 4.0 
2.0 3.0 1.0 0.0 0.6666666666666666 0.3333333333333333 9.0 64.0 0.0 1.0 3.0 5.0 
4.0 3.0 1.0 0.04678362573099415 0.875 0.14 41.0 350.0 0.0 12.0 8.0 12.0 
0.0 2.0 1.0 0.0 0.5 0.0 14.0 123.0 0.0 1.0 2.0 4.0 
1.0 2.0 1.0 0.0 0.5 0.0 12.0 84.0 0.0 1.0 2.0 4.0 
25.0 4.0 1.0 0.03636363636363636 0.85 0.7 22.0 1337.0 0.0 1.0 5.0 12.0 
114.0 22.0 1.0 0.10887096774193548 0.9366071428571429 0.03819444444444445 226.0 1372.0 0.0 20.0 35.0 34.0 
6.0 13.0 4.0 0.3484848484848485 0.55 0.1875 22.0 185.0 0.0 0.0 5.0 16.0 
1.0 1.0 2.0 0.0 0.875 0.0 8.0 56.0 0.0 6.0 8.0 8.0 
0.0 0.0 3.0 0.0 0.6666666666666667 0.0 2.0 23.0 0.0 1.0 3.0 2.0 
2.0 4.0 3.0 0.4 0.6 0.0 8.0 82.0 0.0 2.0 5.0 7.0 
0.0 0.0 3.0 0.3333333333333333 0.5625 0.25 7.0 57.0 0.0 0.0 4.0 5.0 
0.0 1.0 3.0 0.0 0.0 0.0 2.0 16.0 0.0 1.0 1.0 2.0 
3.0 2.0 5.0 0.0 0.0 0.0 5.0 55.0 0.0 0.0 0.0 4.0 
0.0 0.0 3.0 0.0 0.0 0.0 3.0 26.0 0.0 0.0 1.0 2.0 
4.0 5.0 2.0 0.1 0.5 0.0 8.0 62.0 0.0 0.0 4.0 6.0 
0.0 0.0 3.0 0.0 0.0 0.0 3.0 21.0 0.0 1.0 1.0 2.0 
0.0 2.0 3.0 0.6 0.64 0.16666666666666666 13.0 68.0 0.0 2.0 5.0 7.0 
1.0 2.0 2.0 0.0 0.0 0.0 3.0 27.0 0.0 0.0 1.0 2.0 
4.0 3.0 1.0 0.5606060606060606 0.8051948051948052 0.25 26.0 154.0 0.0 1.0 7.0 14.0 
3.0 4.0 3.0 0.3333333333333333 0.3333333333333333 0.0 6.0 43.0 0.0 1.0 2.0 5.0 
2.0 1.0 2.0 0.0 0.0 0.0 2.0 17.0 0.0 1.0 1.0 2.0 
0.0 0.0 3.0 0.0 0.0 0.0 3.0 26.0 0.0 1.0 3.0 2.0 
3.0 4.0 3.0 0.3333333333333333 0.3333333333333333 0.0 6.0 43.0 0.0 1.0 2.0 5.0 
2.0 4.0 1.0 1.0 0.4 0.23333333333333334 37.0 203.0 0.0 0.0 2.0 11.0 
0.0 0.0 3.0 0.0 0.5 0.0 3.0 23.0 0.0 1.0 2.0 2.0 
0.0 0.0 3.0 0.0 0.5 0.0 2.0 20.0 0.0 1.0 2.0 2.0 
0.0 3.0 5.0 0.0 0.0 0.5 6.0 31.0 0.0 0.0 0.0 6.0 
0.0 2.0 3.0 0.3333333333333333 0.7222222222222223 0.0 8.0 78.0 0.0 6.0 6.0 8.0 
1.0 2.0 2.0 0.0 0.9285714285714286 0.0 14.0 95.0 0.0 11.0 14.0 14.0 
0.0 2.0 3.0 0.6 0.64 0.16666666666666666 13.0 68.0 0.0 2.0 5.0 7.0 
0.0 2.0 3.0 0.0 0.0 0.0 3.0 21.0 0.0 1.0 1.0 3.0 
2.0 4.0 1.0 0.12727272727272726 0.86 0.09090909090909091 19.0 98.0 0.0 4.0 10.0 12.0 
7.0 6.0 3.0 0.2 0.7333333333333333 0.0 11.0 82.0 0.0 1.0 6.0 7.0 
0.0 3.0 3.0 0.0 0.5 1.0 3.0 21.0 0.0 0.0 2.0 2.0 
0.0 0.0 4.0 0.0 0.0 0.0 1.0 9.0 0.0 0.0 0.0 1.0 
0.0 3.0 5.0 0.0 0.0 0.5 6.0 31.0 0.0 0.0 0.0 6.0 
2.0 2.0 3.0 0.5 0.5625 0.0 8.0 60.0 0.0 4.0 4.0 7.0 
0.0 2.0 3.0 0.6 0.64 0.16666666666666666 13.0 68.0 0.0 2.0 5.0 7.0 
0.0 1.0 3.0 0.0 1.0 0.0 2.0 28.0 0.0 0.0 2.0 2.0 
