0.0 3.0 1.0 0.17094017094017094 0.0 0.4 55.0 254.0 0.0 0.0 0.0 5.0 
0.0 0.0 1.0 0.0 0.0 0.25 7.0 39.0 0.0 0.0 0.0 4.0 
0.0 0.0 2.0 0.0 0.0 0.21428571428571427 8.0 47.0 0.0 0.0 0.0 6.0 
0.0 0.0 2.0 0.0 0.0 0.0 12.0 93.0 0.0 0.0 1.0 2.0 
1.0 0.0 3.0 0.0 0.0 0.0 9.0 81.0 0.0 0.0 0.0 3.0 
0.0 0.0 1.0 0.022058823529411766 0.0 0.08235294117647059 18.0 67.0 0.0 0.0 0.0 17.0 
0.0 1.0 2.0 0.7754010695187166 0.0 0.22058823529411764 35.0 81.0 0.0 0.0 1.0 35.0 
0.0 0.0 2.0 0.0 0.0 0.5 22.0 250.0 0.0 0.0 0.0 3.0 
0.0 1.0 2.0 0.009523809523809525 0.8 0.07142857142857142 16.0 49.0 0.0 0.0 5.0 15.0 
0.0 1.0 3.0 0.6666666666666666 0.0 1.0 12.0 141.0 0.0 0.0 1.0 3.0 
0.0 0.0 1.0 0.0 0.0 0.0 3.0 34.0 0.0 0.0 0.0 0.0 
3.0 2.0 1.0 0.15524193548387097 0.0 0.0 97.0 453.0 0.0 0.0 2.0 1.0 
0.0 0.0 2.0 0.8947368421052632 0.5 0.2 20.0 89.0 0.0 0.0 2.0 20.0 
2.0 0.0 1.0 0.0 0.0 0.0 11.0 117.0 0.0 0.0 0.0 0.0 
0.0 0.0 1.0 0.16666666666666666 0.0 0.0 12.0 121.0 0.0 0.0 0.0 0.0 
0.0 0.0 1.0 0.0 0.0 0.0 4.0 46.0 0.0 0.0 0.0 0.0 
2.0 0.0 1.0 0.0 0.0 0.0 11.0 117.0 0.0 0.0 0.0 0.0 
0.0 1.0 2.0 1.0 0.5 0.625 5.0 24.0 0.0 0.0 2.0 5.0 
