0.0 0.0 3.0 0.5 0.0 0.0 10.0 53.0 0.0 2.0 0.0 1.0 
0.0 1.0 3.0 0.14102564102564102 0.797979797979798 0.8461538461538461 32.0 167.0 0.0 7.0 9.0 17.0 
3.0 3.0 1.0 0.3333333333333333 0.625 0.2916666666666667 46.0 227.0 0.0 1.0 4.0 9.0 
0.0 2.0 3.0 0.2 0.7142857142857143 0.23809523809523808 22.0 132.0 0.0 1.0 3.0 8.0 
0.0 2.0 3.0 0.4 0.0 0.0 5.0 32.0 0.0 0.0 0.0 0.0 
0.0 0.0 3.0 1.0 0.0 0.0 26.0 104.0 0.0 0.0 0.0 0.0 
0.0 0.0 3.0 0.0 0.0 1.0 2.0 17.0 0.0 0.0 0.0 1.0 
0.0 0.0 3.0 0.0 0.0 1.0 3.0 17.0 0.0 0.0 0.0 3.0 
1.0 0.0 2.0 0.0 0.0 0.3333333333333333 6.0 38.0 0.0 0.0 1.0 5.0 
1.0 1.0 2.0 0.0 0.0 0.09523809523809523 38.0 161.0 0.0 0.0 1.0 22.0 
0.0 0.0 1.0 0.1282051282051282 0.5714285714285714 0.0 26.0 94.0 0.0 3.0 3.0 8.0 
2.0 2.0 2.0 0.175 0.75 0.2 29.0 187.0 0.0 0.0 4.0 9.0 
0.0 0.0 1.0 0.08974358974358974 0.0 0.4 22.0 116.0 0.0 0.0 1.0 6.0 
0.0 0.0 2.0 0.16666666666666666 0.0 0.3333333333333333 7.0 39.0 0.0 0.0 1.0 4.0 
6.0 2.0 2.0 0.0380952380952381 0.9296875 0.23684210526315788 30.0 119.0 0.0 16.0 8.0 19.0 
0.0 0.0 2.0 0.022222222222222223 0.0 0.5 28.0 126.0 0.0 1.0 1.0 2.0 
0.0 1.0 1.0 0.09090909090909091 0.7142857142857143 0.1875 27.0 118.0 0.0 4.0 4.0 9.0 
0.0 0.0 1.0 0.0 0.0 0.0 14.0 41.0 0.0 0.0 0.0 0.0 
